FREQ-GHZ	DB[S21]
	EXP1
	
0	-2.90E-07
0.01	-0.004
0.02	-0.009
0.03	-0.014
0.04	-0.021
0.05	-0.028
0.06	-0.036
0.07	-0.044
0.08	-0.054
0.09	-0.064
0.1	-0.075
0.11	-0.087
0.12	-0.099
0.13	-0.112
0.14	-0.126
0.15	-0.14
0.16	-0.155
0.17	-0.17
0.18	-0.186
0.19	-0.203
0.2	-0.22
0.21	-0.237
0.22	-0.255
0.23	-0.273
0.24	-0.292
0.25	-0.311
0.26	-0.331
0.27	-0.35
0.28	-0.37
0.29	-0.39
0.3	-0.411
0.31	-0.431
0.32	-0.452
0.33	-0.473
0.34	-0.494
0.35	-0.515
0.36	-0.536
0.37	-0.557
0.38	-0.578
0.39	-0.599
0.4	-0.62
0.41	-0.641
0.42	-0.661
0.43	-0.681
0.44	-0.702
0.45	-0.722
0.46	-0.741
0.47	-0.761
0.48	-0.78
0.49	-0.799
0.5	-0.817
0.51	-0.835
0.52	-0.853
0.53	-0.87
0.54	-0.887
0.55	-0.903
0.56	-0.919
0.57	-0.934
0.58	-0.949
0.59	-0.963
0.6	-0.977
0.61	-0.99
0.62	-1.002
0.63	-1.014
0.64	-1.025
0.65	-1.036
0.66	-1.046
0.67	-1.055
0.68	-1.063
0.69	-1.071
0.7	-1.078
0.71	-1.084
0.72	-1.09
0.73	-1.095
0.74	-1.099
0.75	-1.102
0.76	-1.105
0.77	-1.106
0.78	-1.107
0.79	-1.108
0.8	-1.107
0.81	-1.105
0.82	-1.103
0.83	-1.1
0.84	-1.096
0.85	-1.092
0.86	-1.086
0.87	-1.08
0.88	-1.073
0.89	-1.065
0.9	-1.057
0.91	-1.048
0.92	-1.038
0.93	-1.027
0.94	-1.016
0.95	-1.004
0.96	-0.991
0.97	-0.977
0.98	-0.963
0.99	-0.949
1	-0.934
1.01	-0.918
1.02	-0.902
1.03	-0.885
1.04	-0.868
1.05	-0.851
1.06	-0.833
1.07	-0.815
1.08	-0.797
1.09	-0.778
1.1	-0.76
1.11	-0.741
1.12	-0.723
1.13	-0.704
1.14	-0.686
1.15	-0.668
1.16	-0.65
1.17	-0.633
1.18	-0.616
1.19	-0.599
1.2	-0.583
1.21	-0.568
1.22	-0.554
1.23	-0.54
1.24	-0.528
1.25	-0.517
1.26	-0.506
1.27	-0.497
1.28	-0.49
1.29	-0.484
1.3	-0.479
1.31	-0.476
1.32	-0.474
1.33	-0.475
1.34	-0.477
1.35	-0.481
1.36	-0.487
1.37	-0.495
1.38	-0.505
1.39	-0.516
1.4	-0.53
1.41	-0.547
1.42	-0.565
1.43	-0.585
1.44	-0.607
1.45	-0.631
1.46	-0.657
1.47	-0.685
1.48	-0.714
1.49	-0.746
1.5	-0.779
1.51	-0.813
1.52	-0.849
1.53	-0.886
1.54	-0.923
1.55	-0.962
1.56	-1.002
1.57	-1.041
1.58	-1.082
1.59	-1.122
1.6	-1.162
1.61	-1.202
1.62	-1.241
1.63	-1.28
1.64	-1.317
1.65	-1.353
1.66	-1.388
1.67	-1.421
1.68	-1.451
1.69	-1.48
1.7	-1.506
1.71	-1.529
1.72	-1.549
1.73	-1.567
1.74	-1.58
1.75	-1.59
1.76	-1.596
1.77	-1.599
1.78	-1.597
1.79	-1.592
1.8	-1.582
1.81	-1.569
1.82	-1.552
1.83	-1.532
1.84	-1.51
1.85	-1.485
1.86	-1.46
1.87	-1.434
1.88	-1.411
1.89	-1.391
1.9	-1.377
1.91	-1.372
1.92	-1.38
1.93	-1.403
1.94	-1.446
1.95	-1.514
1.96	-1.612
1.97	-1.743
1.98	-1.912
1.99	-2.122
2	-2.377
2.01	-2.677
2.02	-3.022
2.03	-3.411
2.04	-3.842
2.05	-4.309
2.06	-4.81
2.07	-5.34
2.08	-5.894
2.09	-6.467
2.1	-7.056
2.11	-7.656
2.12	-8.265
2.13	-8.878
2.14	-9.496
2.15	-10.114
2.16	-10.732
2.17	-11.348
2.18	-11.962
2.19	-12.573
2.2	-13.179
2.21	-13.781
2.22	-14.379
2.23	-14.972
2.24	-15.56
2.25	-16.143
2.26	-16.721
2.27	-17.295
2.28	-17.863
2.29	-18.427
2.3	-18.987
2.31	-19.542
2.32	-20.092
2.33	-20.639
2.34	-21.181
2.35	-21.72
2.36	-22.256
2.37	-22.787
2.38	-23.316
2.39	-23.841
2.4	-24.363
2.41	-24.883
2.42	-25.399
2.43	-25.914
2.44	-26.425
2.45	-26.935
2.46	-27.442
2.47	-27.947
2.48	-28.45
2.49	-28.952
2.5	-29.452
2.51	-29.95
2.52	-30.447
2.53	-30.942
2.54	-31.437
2.55	-31.93
2.56	-32.422
2.57	-32.913
2.58	-33.404
2.59	-33.893
2.6	-34.383
2.61	-34.871
2.62	-35.36
2.63	-35.847
2.64	-36.335
2.65	-36.823
2.66	-37.31
2.67	-37.797
2.68	-38.285
2.69	-38.773
2.7	-39.261
2.71	-39.749
2.72	-40.238
2.73	-40.727
2.74	-41.217
2.75	-41.708
2.76	-42.199
2.77	-42.691
2.78	-43.185
2.79	-43.679
2.8	-44.174
2.81	-44.67
2.82	-45.168
2.83	-45.667
2.84	-46.168
2.85	-46.669
2.86	-47.173
2.87	-47.678
2.88	-48.185
2.89	-48.694
2.9	-49.205
2.91	-49.717
2.92	-50.232
2.93	-50.749
2.94	-51.269
2.95	-51.79
2.96	-52.314
2.97	-52.841
2.98	-53.371
2.99	-53.903
3	-54.438
3.01	-54.976
3.02	-55.517
3.03	-56.062
3.04	-56.609
3.05	-57.16
3.06	-57.715
3.07	-58.273
3.08	-58.835
3.09	-59.401
3.1	-59.971
3.11	-60.546
3.12	-61.124
3.13	-61.707
3.14	-62.295
3.15	-62.887
3.16	-63.484
3.17	-64.086
3.18	-64.694
3.19	-65.307
3.2	-65.925
3.21	-66.549
3.22	-67.18
3.23	-67.816
3.24	-68.458
3.25	-69.107
3.26	-69.763
3.27	-70.426
3.28	-71.096
3.29	-71.774
3.3	-72.459
3.31	-73.152
3.32	-73.853
3.33	-74.563
3.34	-75.282
3.35	-76.01
3.36	-76.747
3.37	-77.495
3.38	-78.252
3.39	-79.02
3.4	-79.799
3.41	-80.589
3.42	-81.391
3.43	-82.205
3.44	-83.031
3.45	-83.871
3.46	-84.725
3.47	-85.593
3.48	-86.476
3.49	-87.374
3.5	-88.289
3.51	-89.22
3.52	-90.169
3.53	-91.136
3.54	-92.123
3.55	-93.13
3.56	-94.158
3.57	-95.207
3.58	-96.281
3.59	-97.378
3.6	-98.501
3.61	-99.651
3.62	-100.83
3.63	-102.038
3.64	-103.278
3.65	-104.552
3.66	-105.861
3.67	-107.208
3.68	-108.595
3.69	-110.025
3.7	-111.5
3.71	-113.023
3.72	-114.599
3.73	-116.231
3.74	-117.922
3.75	-119.679
3.76	-121.505
3.77	-123.407
3.78	-125.391
3.79	-127.466
3.8	-129.638
3.81	-131.919
3.82	-134.318
3.83	-136.849
3.84	-139.526
3.85	-142.366
3.86	-145.388
3.87	-148.615
3.88	-152.072
3.89	-155.789
3.9	-159.799
3.91	-164.134
3.92	-168.824
3.93	-173.882
3.94	-179.276
3.95	-184.872
3.96	-190.348
3.97	-195.111
3.98	-198.4
3.99	-199.652
4	-198.708
4.01	-195.692
4.02	-191.053
4.03	-185.543
4.04	-179.841
4.05	-174.334
4.06	-169.178
4.07	-164.41
4.08	-160.014
4.09	-155.957
4.1	-152.202
4.11	-148.714
4.12	-145.462
4.13	-142.418
4.14	-139.56
4.15	-136.868
4.16	-134.323
4.17	-131.91
4.18	-129.618
4.19	-127.435
4.2	-125.351
4.21	-123.357
4.22	-121.446
4.23	-119.611
4.24	-117.847
4.25	-116.148
4.26	-114.509
4.27	-112.926
4.28	-111.396
4.29	-109.914
4.3	-108.478
4.31	-107.084
4.32	-105.731
4.33	-104.416
4.34	-103.136
4.35	-101.89
4.36	-100.676
4.37	-99.492
4.38	-98.336
4.39	-97.208
4.4	-96.105
4.41	-95.026
4.42	-93.971
4.43	-92.938
4.44	-91.926
4.45	-90.935
4.46	-89.962
4.47	-89.008
4.48	-88.072
4.49	-87.153
4.5	-86.25
